16870.2 ms
634 2683 2752 2807 3572 3578 5328 8128 10081 10082 10083 10085 10088 10089 10091 11614 11615 11616 11617 11619 11621 11622 11623 11624 11625 11626
2092 3073 3880 3948 4068 4915 5209 5211 7870 8041 9882 10522 13956 14315 14316 14317 14318 14319 14320 14321 14322 14323 14324
634 2683 2752 3578 5328 8128 10081 10082 10083 10085 10088 10089 10091 11521 11617 11618 11619 11621 11622 11623 11624 11626
1428 2092 2114 2116 2654 3880 5202 5205 5209 5211 5215 5219 8136 8142 9733 11390 13005 13008 14036
20030 20031 20032 20033 20035 20036 20037 20038 20039 20040 20042 20043 20044 20045 20046 20047 20048 20049 20050
1637 1814 2092 2094 2097 2111 2116 2120 3880 7107 7108 7109 7120 7124 7125 7126 7129 7131 7132
634 2752 2807 3572 3578 5328 7712 8128 11614 11615 11616 11617 11619 11620 11621 11622 11623 11625 11626
1730 2373 2381 2382 3736 3739 3742 3744 3747 3749 3750 3752 3754 3758 3760 3761 3762 3764
930 940 2103 2366 3013 5197 5202 5205 5207 5209 5211 5215 5216 5219 5220 5221 5225
1463 1779 2423 3873 4456 5048 5105 5107 5108 5110 5111 5113 5114 5115 5116 5121 5122
344 1637 2086 2091 2092 2093 2100 2106 2114 2115 2116 4068 5180 5996 6003 7123 7134
18079 18080 21923 21924 21925 21926 21927 21928 21929 21930 21931 21932 21933 21934 21935 21936 21937
815 3397 3398 3399 3401 3402 3403 3404 3405 3406 3408 3409 3410 3411 3412 3413
945 955 1725 4785 5208 5241 7085 8580 11830 11831 11832 11833 11834 11835 11836 11837
344 1637 2086 2088 2091 2092 2093 2100 2106 2114 2115 2116 5180 5996 6003 7134
1513 1730 2373 2381 2382 3735 3736 3739 3747 3752 3754 3760 3761 3762 3763 3764
344 1637 2085 2086 2088 2091 2092 2093 2100 2106 2108 2112 2114 2115 2116 2119
1637 2088 2092 2094 2097 2111 2116 2120 3880 5998 7110 7112 7113 7115 7118 7134
5151 5169 5174 5543 8196 8672 13122 15420 15421 15424 15425 20881 20882 20883 20884 20885
8984 16184 16187 16188 16189 16191 16640 20448 21038 21039 21040 21041 21042 21043 21044 21045
41 1040 2089 2095 2119 2122 2977 2978 7472 7479 7487 7494 7503 7504 7505
41 255 1040 2049 2089 2095 2103 2119 2122 2977 7479 7488 7494 7503 7504
7072 7073 7075 7076 7077 7078 7079 7080 7081 7082 7083 7084 7085 7086 7087
1497 1498 1557 1563 1565 3917 3922 3934 4171 4172 4173 4175 4181 4190 4193
1870 2107 2683 4234 10081 10082 10083 10085 10088 10089 10091 11516 11521 11523 11524
5151 5169 5174 8196 8672 10069 13122 15420 15421 15422 15424 15425 20882 20883 20884
1637 2086 2088 2091 2092 2093 2106 2114 2115 2116 5180 5996 5998 6003 7134
585 1776 2092 2150 3880 4068 7170 7176 7177 7179 7191 12338 12340 14066 14078
1637 2088 2092 2093 2094 2116 2120 3880 5996 5998 6003 7110 7113 7115 7134
1337 1637 2086 2091 2093 2106 2114 2115 2116 2119 2593 2594 4773 4776 7116
1637 2088 2092 2094 2097 2111 2116 2120 3880 5996 5998 7110 7113 7115 7134
409 2088 2092 2093 2094 2116 2120 3880 5996 5998 6003 7110 7113 7115 7134
9876 18748 18749 18750 18751 18752 18753 18754 18755 18756 18757 18758 18759 18760 18761
104 344 1637 2086 2091 2092 2093 2100 2106 2114 2115 2116 5180 5996 6003
104 1117 1637 2091 2092 2093 2106 2115 2116 5180 5996 6003 6062 7104 7119
1483 1517 2977 2978 4920 7505 10290 14312 15794 15795 15796 15797 15798 15803 15804
314 1265 2091 3281 3282 3289 3298 3300 3311 3312 3316 3323 3328 3332 3341
1052 1428 1440 3314 4776 5209 5211 5215 6879 8142 13381 13797 14479 15365 15366
409 2088 2092 2094 2116 2120 3880 5998 7110 7112 7113 7115 7118 7134
1119 3740 4292 4293 4294 4299 4301 5175 5178 5181 5186 5188 5190 5191
629 2750 7618 12131 12406 17669 17673 19122 19633 19634 19636 19637 19638 19639
11243 13500 13654 15542 15973 15974 15975 15976 15978 15979 15980 15981 15982 15983
234 935 946 947 949 1052 1057 1076 1122 3572 3573 3575 3587 3606
6958 10176 10179 10206 10208 10211 11384 11391 11392 11406 11408 11409 19381 19383
2122 3290 4350 4353 6070 6276 8186 9227 13516 13519 13530 13535 13541 13543
1057 1350 2925 2930 4485 6857 6866 6868 6872 6876 6877 6882 6885 6896
38 1115 1370 2092 2339 3086 3736 3871 3875 3876 3880 7418 7420 7423
453 1730 2373 2381 2382 3736 3739 3747 3752 3754 3760 3761 3762 3764
1377 2901 3251 5040 5154 5156 5160 7176 7179 7191 12634 12640 12641 12645
8069 8075 12974 19113 19121 21861 21862 21863 21864 21865 21866 21867 21868 21869
358 1637 2086 2088 2091 2092 2093 2106 2114 2115 2116 5996 5998 6003
79 83 90 99 1396 4687 8521 8708 8905 10099 10105 10110 10115 10130
29 757 1108 1424 1433 1471 1479 1483 1491 1493 1499 1513 1516 1517
1517 1859 3970 4174 4176 8319 10361 10362 10363 10365 10368 10371 10372 10374
203 949 2372 2581 2592 2593 2596 4456 7116 11643 11646 12964 12969 12988
1070 4481 4491 4493 9208 10307 10323 11676 13524 16276 16278 16417 16436 16437
98 938 944 961 1082 2709 4293 4952 5176 5180 5182 5185 5195
8196 9754 10474 11666 11668 13122 15420 15421 20881 20882 20883 20886 20888
1983 8412 10847 13015 15141 15142 15143 15144 15145 15146 15147 15148 15149
14 2593 4057 5176 7116 7170 7176 7177 7179 7191 12338 12339 12340
911 1927 4223 4339 4697 5087 5114 6286 8684 9889 15871 15872 15875
6196 17505 17508 17510 17513 17514 17515 17516 17517 17518 17519 17520 17521
104 294 1637 1789 2093 2116 5180 5185 6714 7105 7111 7114 7130
715 1081 3034 3038 3043 3044 3323 6776 6793 6805 8130 8554 8558
104 1637 2091 2092 2093 2106 2114 2115 2116 5180 5996 6003 6062
41 1040 2089 2095 2103 2119 2122 2977 7479 7487 7494 7503 7504
2901 3290 5127 5154 5160 5167 6070 12641 12988 13651 13652 13658 13662
83 90 1396 1649 3157 3206 6763 7031 7033 7034 7036 7037 7039
1018 1019 1035 6135 6170 6173 6180 6184 8654 8655 8656 8659 17923
3077 3763 4481 4493 4497 6664 6666 6668 10307 10323 10742 16278 16430
1779 2896 2901 3290 5127 5160 5167 6070 10105 13651 13657 13659 13663
4994 5010 6239 7175 9474 9478 10012 11082 11083 11084 11088 11089 11090
2348 9025 9027 9030 9031 9032 9037 9038 9040 9042 9045 9047 9049
2901 3290 5127 5154 5160 5167 6070 12641 12988 13651 13658 13662 13665
1637 2086 2091 2093 2106 2114 2115 2116 3290 5127 6070 7120 7126
349 628 640 935 946 947 949 996 1048 1053 1070 1118 1126
3099 13549 13550 13551 13552 13553 13554 13555 13556 13557 13558 13559 13560
344 1637 2086 2091 2092 2093 2100 2106 2114 2115 2116 2119 4068
8146 12288 13784 13785 13786 13787 13788 13789 13790 13791 13792 13793 13794
930 940 1005 1816 5208 5212 5213 5223 5224 5227 5228 5240 5241
1040 2089 2095 2103 2119 2122 2977 7479 7487 7494 7503 7504 14262
5216 18749 18750 18751 18753 18754 18755 18757 18759 18760 21132 21133 21134
1854 1859 4174 4948 7189 7699 10355 10359 10360 10361 10369 10375 10377
1377 1483 1517 4856 7170 7176 7177 7179 7191 12338 12340 12646 12648
4017 4023 4024 4032 4033 5591 5592 13287 13767 13771 13773 13775 13780
41 179 339 344 585 1012 1559 2140 2144 2699 2709 3789 4229
1052 5573 6052 12031 13419 13942 15658 15660 15661 15662 15663 15665 15668
1082 1172 2026 7698 7703 7706 7711 7712 7714 7715 7718 7721 7723
930 2366 2654 5197 5202 5205 5209 5211 5215 5219 8136 8139 8142
3129 3137 6892 7131 10719 10721 10728 10732 10733 10734 10744 10745 10746
1856 1860 10176 10179 10206 10208 10211 11384 11391 11392 11406 11408 11409
925 995 1369 1610 4391 5520 7540 8517 10597 10598 10599 10602 10603
1637 2088 2092 2093 2116 5180 5996 5998 6003 7110 7113 7115 7134
1369 2683 4069 7485 10081 10082 10083 10085 10087 10088 10089 10091 10092
3002 5353 5354 5359 5362 5363 5366 5369 5371 5372 5374 5375
3281 3290 3311 3314 3341 5500 5501 6070 10509 10519 10532 10534
1193 1610 2299 3038 3309 5330 6775 6777 6790 6794 6797 6801
882 3873 5529 7621 7623 7625 7626 7627 7628 7629 7630 7631
1018 1019 1035 6170 6173 6180 6184 8654 8659 16836 17918 17924
592 601 1557 1563 1565 3073 3922 3934 6140 9318 10904 13185
1265 2091 3281 3287 3296 3301 3311 3314 3318 3323 3330 3341
1730 2373 2381 2382 3736 3739 3745 3747 3752 3754 3760 3761
4915 5214 7172 8006 15812 15822 15825 15826 15828 15829 15831 15833
3494 4456 5105 5408 7088 7090 12002 12509 12515 12516 12517 12520
3518 4167 5209 5211 5215 7956 8183 8367 8369 8370 8371 8372
1018 1019 1035 2050 6135 6170 6173 6180 8654 8655 8656 8659
1018 1019 1035 6135 6170 6173 6180 6184 8654 8659 16836 17918
1052 1440 2875 4105 5209 5211 5215 8041 9884 11390 16670 18104
930 940 955 5208 5212 5213 5223 5224 5227 5228 5238 5241
1040 1483 1517 2095 2122 2977 2978 4920 10290 15799 15804 15805
1064 1195 2080 2506 4236 8785 8786 8787 8788 8789 8790 8791
2572 6074 6079 6721 8008 13990 16711 16714 16716 18192 18194 18197
1337 1637 2086 2091 2092 2093 2106 2114 2115 2116 5996 6003
2088 2093 2106 2114 2115 2116 2522 5180 5996 5998 6003 7134
344 1637 2086 2091 2093 2106 2114 2115 2116 3290 5127 6070
2088 2093 2116 2522 5180 5996 5998 6003 7110 7113 7115 7134
1637 2086 2091 2092 2093 2106 2114 2115 2116 5180 5998 7126
2901 4697 4915 5160 5167 5811 8684 13660 15814 15816 15817 15824
3290 5127 5132 6070 7564 10509 10519 13516 13654 13655 13656 13664
1773 2570 2576 2581 2582 2585 2586 2592 2593 2594 2596 2597
349 940 984 989 1010 1017 1051 1063 1074 1075 1111 1160
59 2098 2103 3066 3072 5899 10398 12965 12968 13183 13188 13197
2 1119 3740 4289 4293 4294 4295 4297 4299 4301 4302 4303
35 715 1082 1656 2362 3044 4194 6799 7700 7701 7709 7724
2683 5500 6982 8369 8754 11338 11341 11342 11345 11349 11354 11355
3064 3070 3076 3206 3939 4035 16522 16523 16524 16525 16526 16527
1636 7532 11815 13272 13274 15576 15586 16314 17686 17687 17688 17691
1337 2572 2575 2595 3880 5996 6003 7128 10404 12972 14483 14838
947 1171 1262 2924 2930 6778 10093 11311 11315 11318 11319 11324
2442 2443 2444 2447 2448 2450 2453 2454 2458 2459 2460 2463
2570 2571 2579 2580 2587 2589 2591 2598 2599 2600 2602 2603
7962 10614 10622 12459 12461 12463 12464 12465 12468 12469 12470 12473
577 637 1719 1720 1724 1732 1733 1737 1740 1745 1749 1755
7088 7090 7615 12002 12509 12515 12516 12517 12520 15156 15157 15158
7972 8672 10069 13122 15420 15421 15422 15423 15424 15425 15426 15427
1560 4480 4481 4483 4484 4486 4487 4490 4494 4495 4496 4497
3264 3707 10207 10831 19110 19116 19117 19118 19119 19122 19126 19127
3707 10207 10831 19111 19114 19116 19117 19119 19122 19125 19126 19127
59 2103 4697 5087 10333 10906 13815 14681 16988 17421 17422 17423
339 573 585 588 669 949 1559 1776 1784 2142 2144 2150
41 179 339 1012 1559 2144 2699 3789 4226 4227 4228 4231
4481 4483 4484 4495 7497 9613 9617 9620 9992 16419 16425 16428
99 2758 6782 6792 10127 12193 14722 19674 19675 19676 19678 19680
815 3397 3398 3399 3402 3403 3405 3406 3407 3410 3411 3412
83 90 255 3097 10127 10128 10134 12198 16095 16097 16098 16100
3314 6239 9243 9474 9478 10011 10012 11084 11085 11086 11087 11091
815 824 3397 3399 3403 3405 3406 3408 3409 3410 3411 3412
1730 2373 2381 2382 3732 3734 3736 3746 3748 3754 3761 3764
3066 6382 10996 11008 12880 18338 18340 18341 18346 18347 18350 18353
339 1559 2144 2150 7170 7171 7172 7176 7177 7179 7187 7191
339 573 585 588 669 949 1559 1776 1784 2140 2144 2150
339 573 585 588 949 1559 1776 2140 2144 2150 7189
358 5989 5990 5993 5994 6000 6001 6002 6004 6005 6006
255 349 986 999 1007 1026 1041 1071 1091 1097 1098
339 573 585 588 949 1559 1776 1784 2144 2150 7190
1040 1483 1517 2095 2122 2977 2978 4920 7505 10290 15804
4481 4497 5918 6664 6665 6666 6668 16418 16420 16429 16431
1187 3073 3111 3289 3948 8705 9288 9869 10527 11683 11691
2094 2111 4101 5801 8235 8239 15284 15703 15704 15705 15706
339 585 588 669 949 1559 1776 1796 2142 2144 2150
339 344 573 585 588 949 1559 1776 2140 2144 2150
234 477 576 935 946 947 949 1052 1076 3587 3596
2180 4023 4024 4033 4357 4779 5590 5591 5592 5593 5594
1722 3585 5571 7850 7851 10123 12752 12755 12756 12758 12761
1337 1637 2086 2091 2092 2093 2106 2114 2115 2116 2119
234 935 946 947 949 1052 1057 1110 1122 3575 3587
1610 2033 2299 2522 3309 4399 6775 6777 6790 6801 6802
1298 3507 6249 6256 7962 8866 8867 8868 8869 8870 8871
942 2103 9227 9702 10333 13514 13515 13522 13526 13529 13537
6179 8695 8698 9310 9312 9313 9314 9315 9316 9317 9318
1854 1858 1859 3063 3073 6324 6328 10356 10364 10366 10378
815 824 3397 3399 3403 3405 3406 3407 3410 3411 3412
3763 4481 4491 4493 4497 6664 6668 10307 10323 10742 16278
930 1119 2302 4294 5178 5181 7204 8134 8138 8141 8145
829 6130 6141 6142 6150 6163 6166 6172 6177 6181 6197
6093 9317 10310 10381 14350 14351 14352 14353 14354 14355 14356
1776 1784 2969 2970 2977 6717 6720 6728 6729 14070 14073
1776 1784 2969 2970 2973 2977 6717 6720 6725 6728 6729
2092 2572 3880 6074 8552 14830 14832 14918 16707 16713 16719
339 573 585 588 949 1559 1776 2144 2150 7176 7189
715 1081 3034 3038 3044 3309 3323 6776 6793 6799 6805
715 1081 2315 3034 3038 3044 3309 3323 6776 6793 6799
1057 1564 3311 3314 3329 3332 6858 6871 6873 6879 6889
1637 2088 2092 2093 2114 2116 3880 5996 5998 6003 7134
7110 10311 13445 14357 14358 14359 14360 14361 14362 14363 14364
1637 2088 2092 2094 2097 2111 2116 2119 2120 3880 7112
1637 2086 2091 2092 2093 2106 2114 2115 2116 7120 7126
254 7126 7132 11325 13618 13619 13624 13626 13627 13628 13630
339 344 585 588 949 1559 1776 1796 2144 2150 7167
225 446 458 2715 2717 2720 2725 2728 2733 2734 2736
339 585 1559 1776 2144 2150 7170 7176 7177 7179 7191
2516 4223 4697 7172 7221 8388 8390 10079 10111 14918 16171
83 90 99 4688 7541 7543 8510 8520 8521 8522 8524
463 1034 2622 2624 2625 2626 2627 2630 2632 2633 2634
1034 2399 2410 2622 3838 3889 4656 10393 13550 17721 17732
203 949 2815 4456 7120 7126 7918 11641 11642 11643 11646
1776 1784 2968 2969 2970 2971 2973 2974 2975 2977 2978
62 3314 9243 10011 11085 11087 11091 13033 13034 13035 13038
79 80 516 2912 2917 2918 2920 2921 2924 2925 2930
83 90 1396 3206 6763 7031 7034 7036 7039 10117 10127
83 90 99 1396 3206 6763 7034 7036 7039 10117 10127
2654 4110 8136 13005 13008 13009 14026 14030 14031 14035 14037
83 90 1396 8521 10097 10098 10123 10128 10134 10143 10145
1730 2373 2381 2382 3733 3739 3743 3747 3752 3753 3759
104 294 2092 2116 3044 3880 6964 7111 7130 8552 8555
114 648 2373 3739 3747 3750 3758 3759 10119 11239 11249
424 3546 4313 5068 5077 5078 5080 5081 5083 5084 5088
424 4240 4313 5075 5077 5078 5080 5082 5084 5085 5089
1982 7736 7737 7739 7741 7744 7745 7749 7751 7754 7755
3494 4456 5105 7090 10159 12002 12508 12509 12516 12520 12521
3753 6955 6958 6963 7880 10176 10179 11406 18643 18644 18645
6382 12880 18346 18347 18350 20677 20678 20679 20680 20681 20682
10369 20420 20422 21482 21483 21484 21486 21487 21488 21489 21490
99 5150 5151 5169 5174 5537 5543 19671 19672 19677 19679
5314 8136 8213 10759 14030 14031 19480 19482 19483 19485 19486
5314 8213 10759 14030 19479 19480 19481 19482 19483 19484 19485
3069 3072 3073 3968 3969 4175 14102 14104 14107 14108 14111
18747 18749 18750 18754 18755 18756 18757 18760 21135 21136 21137
4987 18655 18656 18657 18659 18660 18661 18662 18663 18664 18665
59 2098 2103 3013 3072 5180 5185 5220 13197 16988 17424
10886 12385 14332 16733 18532 18533 18534 18535 18536 18537 18538
5530 5531 5533 5534 8807 16093 18394 18397 18398 18399 18400
1341 3064 3070 3076 3077 16093 16523 18390 18392 18393 18396
41 339 344 585 1559 1776 2140 2144 2150 2699 2709
255 459 986 1007 1041 1091 1098 2675 2686 2690 2691
2683 10081 10082 10083 10085 10088 10089 10091 10092 11521 14167
2673 6199 10412 14915 14919 16840 16841 16842 16845 16847 16849
844 990 1079 1081 1116 1156 1182 1195 2667 7143 7147
3311 4212 4773 4915 5411 5429 8006 10514 10523 10524 10526
930 940 1005 5208 5212 5213 5224 5227 5228 5239 5241
930 940 955 5208 5212 5213 5224 5227 5228 5239 5241
5198 10398 11526 11527 11529 12641 13181 13182 13190 13194 13195
3494 4456 5105 5408 7090 10159 12002 12508 12509 12516 12520
1497 1498 1856 1857 1859 2191 2786 4167 4170 4177 4178
1497 1498 1857 1859 2191 2786 4170 4174 4176 4177 4184
1366 1370 2490 2493 2495 2499 2508 2511 2515 2516 2517
5169 5537 15248 15249 15250 17505 17508 21765 21766 21767 21768
620 5408 5770 6649 6787 7613 7615 10817 10818 10819 10820
344 3290 3316 3353 5127 5999 6070 13075 13077 13079 13081
2901 3290 5127 5154 5160 5167 6070 13651 13652 13657 13660
1737 1740 1745 1755 5408 7615 13424 13426 13427 13431 13434
911 1927 4223 4557 4697 5114 8684 12971 15866 15871 15872
1611 2180 4017 4022 4023 4024 4025 4026 4030 4032 4033
2180 2502 4023 4024 4033 4357 4360 4361 4363 4364 4366
1377 1779 3873 5107 5108 5111 5114 5122 5133 12635 12642
2172 2186 2203 2207 2216 2224 2226 2243 2253 2254 2263
1737 1740 1755 5408 7615 13424 13426 13427 13429 13431 13434
1395 1850 1851 1853 1855 1856 1858 1859 1860 1861
1370 1730 2362 2373 3086 3736 3744 3761 4399 12233
1265 3274 3300 3302 3311 3314 3323 3329 3332 3341
4052 8613 13003 13004 13005 13006 13007 13008 13009 13010
218 622 627 633 650 656 659 660 661 662
8547 15616 15619 15620 15621 15622 15624 15626 15628 15629
8778 10679 10771 11995 11998 11999 12001 12004 12006 12008
1440 2882 4104 4105 4106 4107 4108 4109 4110 4111
9227 12669 13518 13523 13534 13538 13542 13544 13545 13547
9227 13518 13523 13532 13534 13538 13542 13544 13545 13547
3494 10176 10179 12509 12510 12511 12512 12516 12521 12522
213 13087 14506 16917 16918 16919 16920 16921 16922 16923
8079 10987 10995 10996 10997 10998 11001 11002 11004 11005
8067 8068 8069 8070 8071 8072 8074 8075 8076 8077
314 1265 2091 3281 3289 3311 3312 3318 3323 3341
4023 4024 4212 4915 8006 10745 13766 13774 13776 13782
3069 3072 3073 3115 3743 3923 3966 3967 3968 3969
349 844 990 1020 1079 1081 1116 1156 1182 1195
14913 16476 22096 22097 22098 22099 22100 22103 22105 22107
3256 3263 3264 3265 3266 3267 3268 3269 3270 3271
11683 14446 17174 17176 17177 17180 17182 17183 17184 17187
1298 4496 8545 8866 8869 10713 12437 12438 12439 12441
4550 11815 13272 13274 15576 15584 15586 15592 15602 17690
3298 11630 11636 14149 17896 17897 17898 17899 17900 17901
3971 4856 12341 13463 13733 13734 13735 13736 13739 13744
3753 4555 4856 13732 13737 13740 13741 13742 13743 13745
1796 3063 3073 3968 4226 4228 13087 16311 16313 16327
957 8681 8683 10179 11406 11737 11966 11969 11971 11972
7564 11237 13084 13091 13093 13323 13324 13325 13326 13327
2172 2188 2196 2198 2204 2214 2232 2242 2250 2251
1730 2373 2381 2382 3739 3747 3750 3752 3758 3759
938 2092 2572 3880 8230 8552 14830 14832 14918 16719
930 1119 2027 2752 3284 4292 4294 8125 8126 8128
2087 2092 2105 2110 2119 3880 4068 4778 4781 4785
1730 2373 2381 2382 3739 3740 3747 3752 3760 3761
1637 2085 2088 2092 2094 2097 2111 2116 2119 2120
1859 3063 3073 3111 4174 4915 4921 10358 10364 10376
2341 13272 13274 15576 15584 15586 15588 15589 15592 15602
1858 1859 3063 3073 3111 4915 4921 10358 10364 10376
16476 22094 22095 22097 22098 22101 22102 22104 22106 22107
806 815 3401 3402 3405 3410 3411 3426 3427 3428
2388 2390 2416 3707 10205 10207 11008 11010 13834 13835
3333 9671 11232 12848 12849 12850 12851 12852 12856 12857
1142 4683 4692 4927 11577 11579 11580 11582 11583 11585
1732 1733 1737 1740 1749 1755 13950 15473 16855 16861
750 760 778 788 7801 12186 12188 12189 12190 12191
1748 8265 13625 16856 16859 21904 21905 21906 21907 21908
14147 14149 14150 14151 14152 14155 14156 14157 14158 14159
1654 1664 4207 4210 14616 14617 14618 14620 14621 14622
585 1142 3973 4913 4915 4920 4921 4923 4927 4944
540 1391 1417 1422 1424 1425 1429 1432 1435 1437
477 3594 8200 8202 8203 8204 8206 8209 8211 8213
1854 1856 1857 1858 1859 1860 1861 2776 2786 2788
1483 1517 2977 2978 4920 10290 14312 15800 15801 15802
2898 2900 2929 3314 4077 4555 10149 14842 15367 15371
3469 9317 9885 9886 9888 10381 14354 14355 15218 15228
1853 1856 1857 1858 1859 1860 1861 2776 2786 2788
83 90 99 1396 2107 4223 8521 10096 10102 10122
445 527 2426 2676 2682 2996 3662 3678 3684 3687
2676 2682 4483 4484 9607 9613 9617 9620 9624 9627
45 1182 1362 2635 2639 2642 2656 2657 2663 2664
2654 3745 4110 8136 14025 14026 14030 14031 14034 14037
1773 2585 2592 2593 2596 5122 10118 10233 11643 13457
52 932 935 942 946 947 949 954 958 960
41 254 947 1057 1117 1262 5967 6864 6880 6884
41 339 344 585 949 1559 1776 2140 2144 2150
62 3314 9243 10011 10012 11085 11087 11091 13033 13034
66 946 949 1052 1057 1076 1122 3606 3610 3614
79 83 99 2896 2898 2900 2901 4559 10149 10150
83 90 1396 3206 6763 7031 7034 7036 7039 10109
83 90 99 1396 3206 6763 7034 7036 7039 8905
2683 10082 10083 10088 10089 14167 14327 14328 14329 14330
99 940 3943 4217 4929 5143 5147 5155 5159 5173
104 294 1637 2092 2093 2116 3880 6714 7111 7130
104 294 1637 2092 2093 2116 5180 6714 7111 7130
113 553 572 929 5531 10102 15702 16741 16742 16743
1927 1932 4145 4223 5087 5114 10129 15869 16173 16174
3063 3072 3073 4339 5087 5114 5382 8829 16325 16330
1595 5095 7532 10831 10832 10833 10834 10835 10836 10837
845 1463 2797 3639 3693 5107 5109 5112 5117 5120
1779 2901 4929 5107 5154 5157 5158 5160 5165 5167
3063 3072 3073 4339 5114 5382 15875 16320 16329 16330
911 1927 4223 4557 4697 5114 8684 10118 15870 15871
3971 4944 5122 6073 6081 7241 9987 9991 9993 9994
1779 2901 3290 5127 5154 5160 5167 6070 13651 13657
3018 4437 4439 4441 4442 4446 4460 5639 5641 18904
9241 9243 20628 20629 20630 20631 20632 20633 20634 20635
83 2758 6782 6792 10127 14722 19675 19676 19678 20355
929 5530 5531 5534 6797 14783 15476 20314 20315 20316
10699 18015 18018 18019 20233 20234 20235 20236 20237 20238
9722 10011 10012 10020 19329 19949 19950 19951 19952 19953
83 99 2758 6782 6792 10127 14722 19675 19676 19678
10568 10571 10577 11090 12025 12027 12028 15758 19565 19567
524 9466 13125 16364 16365 19464 19465 19467 19468 19469
1557 1563 1565 4171 10208 11409 19384 19385 19386 19387
2586 2590 10329 10532 11930 16738 19308 19309 19310 19311
4289 5411 5429 7513 10522 10606 11349 13624 14323 19259
9567 16008 16010 16012 16013 16015 19218 19220 19221 19222
11895 17182 17183 17422 18373 19197 19201 19211 19212 19213
2896 2901 3290 5127 5160 5167 6070 13651 13652 13657
6338 18725 18726 18887 18888 18889 18890 18891 18892 18893
18251 18833 18834 18835 18836 18837 18838 18839 18840 18841
1133 6093 15810 15811 18709 18719 18784 18787 18790 18792
5216 18747 18749 18750 18751 18754 18755 18757 18760 21134
1488 10333 10342 13522 13658 13662 14681 18632 18633 18634
988 1028 5691 5692 8036 17921 18516 18517 18519 18520
339 585 757 1559 1776 2144 2150 2699 2709 7189
339 585 1559 1776 2140 2144 2150 2699 2709 7189
41 179 339 585 1012 1559 2144 2699 3789 4228
344 2108 2686 3187 3401 3411 3425 4785 8312 13078
2107 2683 7485 10081 10082 10083 10085 10088 10089 10091
2500 2683 6691 7116 7719 10083 10088 10605 10607 10609
989 2896 2898 2900 7170 7179 7191 10011 10012 11091
1517 1854 1858 1859 3063 3073 6328 10364 10366 10378
2388 3707 6344 10587 10588 10589 10590 10591 10593 10594
1030 6418 6419 6471 6472 6473 6474 6475 6477 6483
2930 6423 7632 11422 12939 14540 14965 14966 14967 14968
1776 2860 2878 6427 10107 10111 14064 14067 14076 14079
4496 5014 6667 9665 9669 12981 15960 15961 15962 15963
585 1796 2092 3880 4068 4228 6730 7236 13839 14084
935 946 947 949 2026 3044 3309 4399 6793 6799
254 946 947 949 1052 1122 6900 11308 11320 11325
2417 4481 4491 6958 6963 10206 10208 10210 10211 10212
2896 2898 2900 2901 2918 2930 4077 6980 10149 12573
1130 4023 4024 7047 8605 8610 9564 13768 13777 13781
339 585 1776 2150 3880 7170 7176 7177 7179 7191
1059 4062 6275 6423 12937 12938 12939 12940 12941 12942
339 573 585 588 949 1776 2150 3880 7176 7189
1337 2119 7352 7353 12430 12431 12433 12434 12435 12436
935 946 947 949 1027 3587 7533 7539 7540 7546
1722 7544 7850 7851 10123 12752 12753 12755 12757 12759
1693 1769 1772 2107 7561 7568 7574 8789 13810 13813
1693 2107 3737 3752 3757 3759 7561 7568 7574 11891
4773 4776 7562 12466 12474 12475 12477 12479 12484 12485
234 477 550 576 935 1076 3568 3587 3595 3596
234 477 550 576 935 949 1076 3568 3587 3596
234 477 576 935 946 949 1076 3568 3587 3596
234 477 935 946 947 949 1052 1057 1076 3587
234 349 947 949 1052 1057 1110 1122 1127 1143
234 349 935 946 947 949 1052 1057 1110 1122
947 1171 1262 5564 10093 11311 11315 11318 11319 11324
2091 2093 2106 2114 2115 2116 3290 3311 5127 6070
2901 5154 5160 5167 7179 12641 13651 13652 17315 17316
2093 2106 2114 2115 2116 2522 3311 5180 5996 6003
2091 2093 2106 2114 2115 2116 3311 5180 5996 6003
4773 5194 5936 12466 12478 12479 12482 12483 12484 12486
3922 3934 5198 11529 13179 13181 13182 17618 17619 17620
930 940 5202 5209 5210 5211 5215 5216 5219 5225
2092 3880 4068 5209 5211 8237 15366 16709 16715 16718
2092 3880 4068 4167 5209 5211 5215 8318 8367 8372
2883 4105 4106 4107 4109 4110 5225 17862 17864 17865
2882 4105 4106 4107 4109 4110 5225 17862 17864 17865
5408 7088 7090 7615 12002 12509 12515 12516 12517 12520
5545 5546 14727 14728 14729 14734 15394 16685 16689 16695
234 349 935 946 947 949 1052 1057 1076 1122
5573 6038 6047 6052 6112 8231 16038 16039 16041 16042
729 4483 4484 5693 9613 9620 14597 14598 14599 14600
1337 2092 2094 2097 2111 3880 5801 5996 7128 9889
926 4481 4497 4502 5918 6664 6665 6666 6667 6668
1637 2092 2093 2114 2116 3880 4068 5996 6003 7134
1337 1637 2092 2094 2097 2111 2116 3880 5996 7128
1637 2092 2094 2097 2111 2116 2120 3880 5998 7126
986 1091 1097 1098 6035 7172 14917 14918 14920 14921
3971 4145 4944 6073 6081 7241 9982 9987 9993 9994
829 1018 1019 6135 6146 6164 6170 6173 6180 6184
1018 1019 6135 6146 6170 6173 6180 6184 16836 17918
829 2165 6152 6170 6173 6178 6180 6184 6186 6195
